0 0.187850 0.688652 0.051159 0.123404
0 0.240608 0.675177 0.055955 0.119149
0 0.295763 0.676596 0.043165 0.124823
0 0.342926 0.678723 0.049560 0.112057
0 0.434053 0.632624 0.043165 0.093617
0 0.377298 0.650355 0.049560 0.100709
0 0.496403 0.634752 0.035172 0.100709
0 0.532374 0.631915 0.033573 0.095035
0 0.596723 0.621277 0.034373 0.096454
0 0.667066 0.560993 0.029576 0.106383
0 0.310951 0.291489 0.054357 0.123404
0 0.377698 0.304255 0.045564 0.106383
0 0.436451 0.323404 0.043165 0.090780
0 0.513989 0.318440 0.036771 0.112057
0 0.557554 0.313475 0.037570 0.116312
0 0.693445 0.321277 0.032774 0.078014
