3 0.513333 0.337778 0.377778 0.462222
3 0.940000 0.684444 0.111111 0.133333
3 0.828889 0.688889 0.111111 0.133333
3 0.822222 0.853333 0.115556 0.133333
3 0.940000 0.846667 0.111111 0.120000
3 0.704444 0.848889 0.111111 0.142222
3 0.717778 0.686667 0.111111 0.146667
3 0.580000 0.697778 0.111111 0.151111
3 0.582222 0.866667 0.115556 0.151111
3 0.446667 0.853333 0.111111 0.151111
3 0.453333 0.695556 0.115556 0.146667
3 0.324444 0.697778 0.115556 0.160000
3 0.317778 0.862222 0.111111 0.151111
3 0.193333 0.857778 0.128889 0.151111
3 0.195556 0.695556 0.124444 0.155556
3 0.071111 0.693333 0.124444 0.142222
3 0.062222 0.853333 0.106667 0.151111
