     0/299    0.535G   0.06924  0.008661   0.02531    0.1032        13       320  0.004792   0.01043 0.0006893 0.0001558    0.1038   0.01533   0.03121
     1/299    0.493G   0.06305  0.009588   0.02481   0.09744        14       320  0.003684    0.1704  0.001721 0.0003072   0.09452   0.01027   0.02879
     2/299    0.493G   0.06159  0.009938   0.02492   0.09645        31       320   0.01336   0.02413  0.005641  0.001724   0.08936   0.01034   0.02681
     3/299    0.493G   0.05849  0.009856   0.02385    0.0922        29       320   0.03589    0.2976   0.03888  0.008135   0.08879  0.009995   0.02599
     4/299    0.493G   0.05638  0.009387   0.02301   0.08878        12       320   0.09904     0.211   0.04875    0.0109   0.08444   0.01049   0.02622
     5/299    0.493G   0.05554  0.009373   0.02251   0.08742        49       320   0.05728    0.2455   0.04587   0.01324   0.08121   0.01096   0.02593
     6/299    0.493G    0.0531  0.009242   0.02182   0.08417        14       320   0.09354    0.1665   0.05459    0.0137    0.0851   0.01066   0.02639
     7/299    0.493G    0.0515  0.008814   0.02166   0.08198        26       320   0.07666    0.3234   0.05889   0.01386   0.07873   0.01085   0.02594
     8/299    0.493G   0.05113  0.009041   0.02175   0.08192        21       320   0.07631    0.3202   0.07286   0.02023   0.07967   0.01069   0.02574
     9/299    0.493G   0.05055  0.008887   0.02114   0.08058        32       320   0.08834    0.2383   0.06362   0.02051   0.07786   0.01081   0.02636
    10/299    0.493G   0.04978  0.008731   0.02105   0.07956        35       320    0.1234    0.2053   0.06372   0.02191   0.07805   0.01113   0.02701
    11/299    0.493G   0.04781  0.008678   0.02047   0.07696        36       320    0.1228    0.2873    0.1122   0.04036   0.07338   0.01141   0.02553
    12/299    0.493G   0.04907  0.008988   0.02053   0.07859        27       320    0.1096    0.3409    0.1036   0.03887   0.07539   0.01112   0.02616
    13/299    0.493G   0.04696   0.00873   0.02035   0.07605        32       320     0.114    0.3103    0.1128   0.04297   0.08001   0.01044   0.02601
    14/299    0.493G   0.04811    0.0086   0.02108   0.07779        21       320    0.1024     0.406    0.1034   0.04108   0.08181   0.01044   0.02521
    15/299    0.493G    0.0457   0.00866   0.02034    0.0747        16       320    0.1932    0.3005    0.1817    0.0682   0.07412   0.01047   0.02611
    16/299    0.493G    0.0459  0.008619   0.02015   0.07467        17       320    0.1635    0.2826    0.1403   0.05634   0.07295   0.01077   0.02588
    17/299    0.493G   0.04576  0.008635    0.0201   0.07449        37       320    0.1584    0.3332    0.1478   0.06251   0.06942    0.0115   0.02658
    18/299    0.493G   0.04546  0.008241   0.01997   0.07367        18       320    0.1392    0.3695    0.1475    0.0645   0.07181   0.01101   0.02689
    19/299    0.493G   0.04567  0.008634   0.02073   0.07504        33       320    0.2746    0.2465    0.1817   0.08284   0.07126   0.01085   0.02592
    20/299    0.493G   0.04504  0.008522   0.02011   0.07367        41       320     0.175    0.3543    0.1539   0.06157   0.07225   0.01085   0.02615
    21/299    0.493G   0.04392  0.008198    0.0198   0.07192        20       320     0.135    0.4477    0.1585   0.07399   0.07277   0.01071   0.02677
    22/299    0.493G   0.04439  0.008344   0.01949   0.07223        25       320    0.2042    0.2717    0.1651   0.07233   0.07141   0.01065   0.02659
    23/299    0.493G   0.04404  0.008125   0.01933    0.0715        32       320    0.1902    0.3466     0.156   0.05864   0.07121   0.01075   0.02621
    24/299    0.493G   0.04409  0.008301   0.01926   0.07165        27       320    0.1604    0.3377     0.159   0.06629   0.07166   0.01068   0.02604
    25/299    0.493G   0.04361  0.008472   0.01929   0.07137        36       320    0.1742    0.3705    0.1907   0.07737    0.0684   0.01101   0.02605
    26/299    0.493G   0.04358  0.008253   0.01915   0.07099        27       320    0.1748    0.4113    0.1909   0.07834   0.06891   0.01138   0.02597
    27/299    0.493G   0.04301  0.008183   0.01907   0.07026        17       320    0.1715    0.3364    0.1648   0.06838   0.07008   0.01117   0.02585
    28/299    0.493G   0.04296  0.008222     0.019   0.07019        25       320     0.186    0.4422    0.1791   0.07344    0.0719    0.0109   0.02608
    29/299    0.493G     0.042  0.008381   0.01853   0.06891        24       320    0.1968    0.3506    0.1852   0.08984   0.07057   0.01108   0.02601
    30/299    0.493G   0.04192  0.008151   0.01818   0.06825        27       320    0.1803    0.3559    0.1596   0.06878   0.07337   0.01056    0.0261
    31/299    0.493G   0.04058  0.007885   0.01811   0.06658        28       320    0.2093    0.4005    0.1997   0.09593   0.07326   0.01027    0.0263
    32/299    0.493G   0.04073  0.008058   0.01835   0.06714        27       320    0.1871    0.3723    0.1668   0.07291   0.07171   0.01087   0.02643
    33/299    0.493G   0.04112  0.007955   0.01835   0.06742        33       320    0.2164    0.3884    0.2127     0.102   0.07104   0.01074   0.02563
    34/299    0.493G   0.04109  0.008063   0.01828   0.06743        28       320    0.2229    0.4603    0.2021    0.0827   0.07433   0.01058   0.02834
    35/299    0.493G   0.04001  0.007958   0.01802   0.06599        38       320    0.1789    0.4629    0.2004   0.08871   0.07205    0.0108   0.02657
    36/299    0.493G   0.04124  0.007828   0.01798   0.06705        17       320    0.2245    0.4211    0.2133     0.105   0.06739   0.01138   0.02613
    37/299    0.493G   0.04029  0.008131   0.01768    0.0661        42       320    0.2538    0.3905    0.1968   0.09487   0.06905   0.01099    0.0256
    38/299    0.493G    0.0397  0.008249   0.01752   0.06547        45       320    0.2713    0.3835    0.2282    0.1012     0.072   0.01078   0.02631
    39/299    0.493G   0.03987   0.00805   0.01748    0.0654        25       320    0.2711    0.3253    0.1954   0.08863   0.06792   0.01092   0.02577
    40/299    0.493G   0.03982  0.007978   0.01762   0.06542        20       320    0.2647    0.3909    0.2209    0.1067   0.06967   0.01061   0.02547
    41/299    0.493G   0.04004  0.007996   0.01706    0.0651        23       320    0.2538    0.4394    0.2169   0.09521    0.0704   0.01063   0.02554
    42/299    0.493G   0.03904  0.008108   0.01709   0.06424        33       320    0.2529    0.3899    0.2117    0.1024   0.06902   0.01095     0.027
    43/299    0.493G   0.03996  0.008246   0.01751   0.06572        40       320    0.2785    0.3477    0.2234     0.105   0.06797   0.01108   0.02684
    44/299    0.493G   0.03865  0.008156   0.01712   0.06393        38       320     0.232    0.3546    0.1856   0.09477    0.0686   0.01102   0.02598
    45/299    0.493G   0.03909  0.008192   0.01719   0.06447        28       320    0.2273     0.517    0.2321    0.1182   0.06899   0.01072    0.0253
    46/299    0.493G   0.03801  0.007872   0.01685   0.06274        37       320    0.3235    0.3583    0.2505     0.112   0.06484   0.01098   0.02584
    47/299    0.493G    0.0382   0.00807    0.0167   0.06298        22       320    0.2962    0.2822    0.2117   0.09624   0.06743   0.01097   0.02758
    48/299    0.493G   0.03737  0.007902   0.01682   0.06209        27       320     0.287    0.3673    0.2311    0.1109   0.06866   0.01065   0.02668
    49/299    0.493G   0.03805  0.007965   0.01702   0.06303        17       320    0.3761    0.3672    0.2753    0.1374     0.068   0.01021   0.02507
    50/299    0.493G   0.03831  0.007924   0.01661   0.06285        27       320    0.2624    0.4409    0.2409    0.1199   0.06791   0.01034   0.02682
    51/299    0.493G   0.03818  0.008112   0.01676   0.06305        17       320    0.3073    0.3815    0.2447    0.1235   0.07003   0.01039   0.02586
    52/299    0.493G    0.0383  0.007934   0.01708   0.06331        42       320    0.2636    0.4349    0.2645    0.1341   0.06806   0.01024   0.02544
    53/299    0.493G   0.03761  0.008193   0.01626   0.06206        31       320    0.2067    0.5338    0.2258    0.1169   0.06816   0.01005   0.02678
    54/299    0.493G   0.03785  0.008145   0.01701     0.063        32       320    0.2985    0.4158    0.2524    0.1299   0.06628   0.01052   0.02468
    55/299    0.493G   0.03676   0.00797   0.01585   0.06058        15       320    0.3497    0.3825    0.2982    0.1538   0.06689   0.01003   0.02454
    56/299    0.493G   0.03613  0.007934   0.01574    0.0598        21       320     0.347    0.3906       0.3    0.1493   0.06696   0.01017   0.02598
    57/299    0.493G   0.03702    0.0079   0.01604   0.06095        22       320    0.3182    0.4362    0.2709    0.1394   0.06754   0.01036   0.02488
    58/299    0.493G   0.03559   0.00802   0.01529    0.0589        24       320    0.2817    0.4399    0.2575    0.1389    0.0681   0.01045   0.02586
    59/299    0.493G   0.03686  0.008092   0.01579   0.06075        12       320    0.3251    0.4499    0.3006    0.1547   0.06673   0.01057   0.02601
    60/299    0.493G   0.03655  0.008067   0.01575   0.06038        12       320     0.341    0.3501    0.2659    0.1309   0.06982   0.01044   0.02695
    61/299    0.493G   0.03571  0.007784   0.01563   0.05913        29       320     0.293    0.5386    0.2966    0.1488   0.06678   0.01053   0.02612
    62/299    0.493G   0.03621  0.008014   0.01553   0.05975        26       320    0.2945    0.4548    0.2831    0.1442   0.06642    0.0108   0.02786
    63/299    0.493G   0.03523  0.007907    0.0152   0.05834        38       320    0.3308     0.348    0.2635    0.1355   0.06718   0.01072   0.02681
    64/299    0.493G   0.03597  0.007619   0.01541   0.05899        31       320    0.3082    0.4152    0.2734    0.1513   0.06727   0.01044   0.02656
    65/299    0.493G   0.03583  0.008011   0.01575   0.05959        20       320    0.2708    0.4424    0.2639    0.1379   0.06654   0.01057   0.02702
    66/299    0.493G   0.03567  0.007886   0.01541   0.05896        15       320    0.3376    0.4567    0.3007    0.1565   0.06632   0.01053   0.02617
    67/299    0.493G   0.03612  0.007785   0.01514   0.05904        19       320    0.3188    0.3887    0.2858    0.1414     0.066    0.0106   0.02763
    68/299    0.493G   0.03598  0.008012   0.01492   0.05891        33       320    0.2388    0.4845    0.2659    0.1452   0.06669   0.01034   0.02794
    69/299    0.493G   0.03562  0.007779   0.01497   0.05837        16       320    0.3219    0.4385     0.287     0.157   0.06521   0.01034    0.0263
    70/299    0.493G   0.03493   0.00803   0.01504     0.058        28       320    0.2903    0.4916    0.2731    0.1442   0.06734   0.01038   0.02671
    71/299    0.493G   0.03481  0.007535   0.01511   0.05746        34       320    0.3732    0.3975    0.3237    0.1707   0.06481    0.0106   0.02598
    72/299    0.493G   0.03505  0.007728    0.0148   0.05759        16       320    0.4429    0.3462    0.3393    0.1807   0.06344   0.01052   0.02651
    73/299    0.493G   0.03513  0.007713    0.0149   0.05774        16       320     0.328    0.4089    0.3137     0.167   0.06422   0.01057    0.0276
    74/299    0.493G   0.03549  0.008113   0.01496   0.05857        18       320    0.4394    0.4393     0.346    0.1938    0.0641   0.01068   0.02492
    75/299    0.493G   0.03485  0.007689    0.0143   0.05684        33       320    0.4336    0.3547    0.3271    0.1716   0.06355   0.01052   0.02583
    76/299    0.493G   0.03426  0.007609    0.0149   0.05676        34       320    0.3274    0.5014    0.3371    0.1726   0.06233   0.01078   0.02639
    77/299    0.493G   0.03476  0.007622   0.01456   0.05694        43       320    0.3727     0.439     0.315    0.1697    0.0641    0.0104   0.02673
    78/299    0.493G   0.03421  0.007759   0.01501   0.05698        25       320     0.367    0.5075    0.3484    0.1843   0.06382   0.01011   0.02732
    79/299    0.493G   0.03449  0.007882   0.01429   0.05666        14       320    0.3708    0.4779    0.3524    0.1788   0.06297   0.01039   0.02578
    80/299    0.493G   0.03481  0.007843   0.01491   0.05756        33       320     0.356    0.4391    0.3047    0.1529   0.06522   0.01046   0.02733
    81/299    0.493G   0.03388  0.007672   0.01414   0.05569        19       320    0.3016    0.4843    0.3182    0.1585   0.06423   0.01043   0.02673
    82/299    0.493G   0.03432  0.007562   0.01498   0.05686        39       320    0.3266    0.4888    0.3394    0.1722     0.064   0.01022   0.02552
    83/299    0.493G   0.03461  0.007747   0.01471   0.05707        18       320    0.3825    0.5156     0.368    0.1943   0.06381   0.01027   0.02462
    84/299    0.493G   0.03378  0.007778     0.014   0.05556        32       320    0.3392    0.4675     0.336    0.1804   0.06327   0.01053   0.02627
    85/299    0.493G   0.03407  0.007501   0.01415   0.05572        21       320    0.3416    0.5482    0.3786    0.2158   0.06282   0.01038    0.0241
    86/299    0.493G   0.03292  0.007542   0.01398   0.05445        31       320    0.4453    0.4248     0.382    0.2025   0.06344   0.01046   0.02432
    87/299    0.493G   0.03417  0.007465   0.01428   0.05592        34       320    0.3482    0.4583    0.3443    0.1868   0.06457   0.01045   0.02602
    88/299    0.493G   0.03322  0.007489   0.01433   0.05503        13       320    0.4231    0.4969    0.4098    0.2221   0.06298   0.01009   0.02403
    89/299    0.493G   0.03415  0.007499   0.01394   0.05559        22       320     0.351    0.5181    0.4126    0.2375   0.06432   0.01005   0.02474
    90/299    0.493G   0.03296   0.00771   0.01398   0.05465        34       320    0.4435    0.4291    0.3868    0.2188   0.06454   0.01053   0.02365
    91/299    0.493G   0.03434  0.007449   0.01347   0.05526        23       320    0.5423    0.3842    0.4216    0.2203   0.06437   0.01024    0.0243
    92/299    0.493G   0.03338  0.007528   0.01358   0.05448        21       320    0.3283    0.5525    0.3764    0.2018   0.06322   0.01045   0.02618
    93/299    0.493G   0.03373  0.007601    0.0137   0.05504        20       320    0.3499    0.5128    0.3852    0.2112   0.06388   0.01043   0.02499
    94/299    0.493G   0.03329  0.007532   0.01359   0.05441        28       320    0.3873     0.498    0.4052    0.2217   0.06096   0.01035   0.02478
    95/299    0.493G   0.03289  0.007458   0.01328   0.05363        25       320    0.3538    0.5503    0.3805    0.2158   0.06199   0.01028   0.02379
    96/299    0.493G   0.03452  0.007882   0.01353   0.05593        33       320    0.3435    0.5186    0.3799     0.209   0.06262    0.0105   0.02523
    97/299    0.493G   0.03301  0.007457   0.01305   0.05352        39       320    0.3306    0.5257    0.3849    0.2095   0.06211   0.01055   0.02486
    98/299    0.493G    0.0323   0.00767   0.01331   0.05328        27       320     0.391    0.4676    0.3957    0.2231   0.06124   0.01047   0.02404
    99/299    0.493G   0.03353  0.007667   0.01345   0.05464        33       320     0.549    0.3957    0.4342    0.2465   0.06033   0.01025   0.02418
   100/299    0.493G   0.03269  0.007333   0.01304   0.05307        35       320    0.4004    0.4475    0.3934    0.2106   0.06028   0.01063     0.025
   101/299    0.493G   0.03396   0.00759   0.01347   0.05501        17       320    0.4006    0.5451    0.4185    0.2421   0.06003    0.0107   0.02506
   102/299    0.493G   0.03225  0.007404   0.01328   0.05293        34       320    0.4182    0.4961    0.4115    0.2388   0.05988   0.01051    0.0239
   103/299    0.493G   0.03315  0.007553   0.01352   0.05422        40       320       0.3    0.5953     0.386    0.2253   0.06113    0.0105   0.02341
   104/299    0.493G   0.03355   0.00766   0.01343   0.05464        22       320    0.3698    0.5697     0.418    0.2395   0.05998   0.01025   0.02454
   105/299    0.493G   0.03278  0.007467    0.0131   0.05334        18       320    0.4179    0.5026    0.4195    0.2483   0.06142   0.01035   0.02412
   106/299    0.493G   0.03259  0.007509    0.0122    0.0523        18       320    0.4405     0.463    0.3988    0.2237   0.06013   0.01039   0.02384
   107/299    0.493G   0.03269  0.007298   0.01292   0.05291        22       320     0.313      0.54    0.3719    0.2087   0.06074   0.01061   0.02403
   108/299    0.493G   0.03212  0.007541   0.01254    0.0522        14       320     0.417    0.4707    0.4306    0.2556   0.06049   0.01061   0.02372
   109/299    0.493G   0.03255  0.007523   0.01235   0.05243        16       320    0.4369    0.4545    0.4225    0.2366   0.05912   0.01041   0.02322
   110/299    0.493G   0.03265  0.007341    0.0127   0.05269        18       320    0.3625    0.5767    0.3922    0.2242   0.05998   0.01074   0.02431
   111/299    0.493G   0.03129  0.007056   0.01285    0.0512        24       320    0.4804    0.4612    0.4383    0.2347   0.05965   0.01069   0.02283
   112/299    0.493G   0.03222  0.007317   0.01295   0.05249        21       320    0.4774    0.4417     0.418    0.2385   0.06131   0.01047   0.02316
   113/299    0.493G   0.03196  0.007357   0.01268     0.052        25       320    0.4152    0.5025    0.3939    0.2153   0.06107   0.01046    0.0234
   114/299    0.493G   0.03196  0.007328   0.01236   0.05165        29       320    0.4393    0.5286    0.4292    0.2491   0.06009   0.01036   0.02254
   115/299    0.493G   0.03204   0.00745   0.01245   0.05195        39       320    0.4533    0.4526     0.423    0.2439   0.05953   0.01041   0.02383
   116/299    0.493G   0.03186  0.007368   0.01251   0.05174        18       320    0.4517     0.442    0.4121    0.2328   0.06021    0.0104   0.02359
   117/299    0.493G   0.03271  0.007455   0.01299   0.05316        44       320    0.4148    0.4798    0.4008    0.2342   0.06002   0.01037   0.02525
   118/299    0.493G   0.03174  0.007067   0.01225   0.05106         4       320    0.4109    0.4957    0.4186    0.2219   0.06034   0.01055   0.02386
   119/299    0.493G   0.03134  0.007381   0.01239   0.05112        29       320     0.472    0.4702    0.4477    0.2497   0.06035   0.01056   0.02259
   120/299    0.493G    0.0321  0.007132   0.01198    0.0512        19       320    0.4151    0.4718    0.4111    0.2277   0.05983   0.01047    0.0241
   121/299    0.493G   0.03236  0.007548     0.012   0.05191        37       320    0.3972    0.5195    0.4347    0.2472   0.05884   0.01048   0.02428
   122/299    0.493G   0.03143  0.007364   0.01176   0.05055        14       320    0.4678    0.5194    0.4513    0.2587    0.0594   0.01047   0.02419
   123/299    0.493G   0.03135  0.007011   0.01152   0.04987        12       320    0.4463    0.5363    0.4765    0.2852   0.05886   0.01044   0.02215
   124/299    0.493G   0.03173  0.007184   0.01171   0.05062        30       320    0.3537    0.5918    0.4275    0.2458   0.06059   0.01043   0.02321
   125/299    0.493G   0.03138  0.007137   0.01199    0.0505        38       320    0.4143    0.5133    0.4211    0.2519   0.05979   0.01049   0.02272
   126/299    0.493G     0.031  0.007066   0.01115   0.04921        24       320    0.4357    0.4729    0.4285    0.2561   0.05856   0.01036   0.02281
   127/299    0.493G   0.03151   0.00722   0.01176    0.0505        20       320    0.4698     0.505    0.4569    0.2709   0.05859   0.01051   0.02307
   128/299    0.493G   0.03172   0.00751   0.01216   0.05139        24       320    0.4865    0.4904    0.4672    0.2585   0.05862   0.01046   0.02234
   129/299    0.493G    0.0311  0.007167   0.01143   0.04969        35       320    0.4126    0.5517    0.4395    0.2539   0.05892   0.01036   0.02413
   130/299    0.493G    0.0305  0.007156   0.01119   0.04884        15       320     0.424    0.5326    0.4602    0.2798   0.05761   0.01036   0.02269
   131/299    0.493G    0.0312  0.007042   0.01168   0.04993        17       320    0.4364    0.4832    0.4415    0.2537   0.05857   0.01045    0.0231
   132/299    0.493G   0.03097  0.007138   0.01185   0.04996         7       320    0.5198    0.4246    0.4454    0.2615   0.05905    0.0102   0.02317
   133/299    0.493G   0.03114  0.007172   0.01209    0.0504        35       320    0.4719    0.5026    0.4664     0.277   0.05885   0.01015   0.02283
   134/299    0.493G   0.03082  0.007111   0.01143   0.04937        18       320    0.4542    0.5071    0.4593    0.2636   0.05764   0.01035    0.0226
   135/299    0.493G   0.03045   0.00703   0.01118   0.04866        33       320    0.4308    0.5573    0.4591    0.2707   0.05884   0.01022   0.02316
   136/299    0.493G   0.03103  0.007132   0.01163   0.04979        29       320    0.4734     0.468    0.4324    0.2544    0.0586   0.01055   0.02311
   137/299    0.493G   0.03061  0.006983   0.01132    0.0489        33       320    0.3663    0.5757    0.4508    0.2657   0.05837    0.0101   0.02296
   138/299    0.493G   0.03096  0.007124   0.01157   0.04966        47       320    0.4113    0.5453    0.4309    0.2637   0.05826   0.01038   0.02353
   139/299    0.493G   0.03039  0.007137    0.0112   0.04873        39       320    0.5119    0.4525    0.4649    0.2731   0.05827   0.01013   0.02234
   140/299    0.493G   0.02939  0.006796    0.0105   0.04669        27       320    0.4804     0.489    0.4771    0.2891   0.05847   0.01012   0.02289
   141/299    0.493G   0.03025  0.007032   0.01142    0.0487        33       320    0.4258    0.4659    0.4315    0.2513   0.05902   0.01031   0.02277
   142/299    0.493G   0.03029  0.006836   0.01085   0.04798        18       320    0.4547    0.5107    0.4494    0.2727   0.05809   0.01014   0.02302
   143/299    0.493G   0.03102  0.006871   0.01113   0.04902        33       320    0.4262    0.5206    0.4517    0.2719   0.05828   0.01025   0.02333
   144/299    0.493G   0.03021  0.007296    0.0108   0.04831        26       320    0.3979    0.5773    0.4746    0.2717   0.05842   0.01021     0.023
   145/299    0.493G   0.03137  0.007171    0.0111   0.04964        35       320    0.5431    0.4329    0.4425     0.271   0.05919   0.01021   0.02202
   146/299    0.493G   0.03002  0.007139   0.01087   0.04803        21       320    0.4127    0.5436    0.4615    0.2766   0.05839   0.01011   0.02213
   147/299    0.493G   0.03065  0.007095   0.01123   0.04898        15       320    0.4854    0.4561    0.4376    0.2698   0.05761   0.01016   0.02246
   148/299    0.493G   0.03074  0.007012   0.01058   0.04833        35       320    0.4683    0.5085     0.455    0.2868   0.05851   0.01011   0.02224
   149/299    0.493G   0.03122  0.007064   0.01052    0.0488        35       320    0.4527    0.5062    0.4244    0.2581   0.05956   0.01003   0.02416
   150/299    0.493G   0.03036  0.007082   0.01084   0.04828         8       320    0.5679    0.4345    0.4732    0.2939   0.05947  0.009779   0.02218
   151/299    0.493G   0.02968  0.006853   0.01006   0.04659        41       320    0.5267    0.4678     0.461    0.2824   0.05818   0.01008   0.02214
   152/299    0.493G   0.03027  0.007083    0.0107   0.04805        36       320    0.4801    0.4873    0.4819    0.3055   0.05925  0.009743   0.02269
   153/299    0.493G   0.02952  0.006912   0.01021   0.04664        23       320    0.4145    0.5843    0.4874    0.2867   0.06069  0.009676    0.0229
   154/299    0.493G   0.03016  0.007031    0.0109   0.04809        29       320    0.5379     0.474    0.4856    0.2892   0.05959  0.009705   0.02314
   155/299    0.493G   0.03064  0.007088   0.01038   0.04811        18       320    0.4409    0.5555    0.4915    0.3146   0.06026  0.009417   0.02268
   156/299    0.493G      0.03  0.006713   0.01042   0.04713        34       320     0.455    0.4665    0.4667    0.2949   0.05991  0.009575   0.02229
   157/299    0.493G   0.03012  0.006888   0.01063   0.04764        18       320    0.5436    0.4514    0.4865    0.3034   0.06015  0.009591   0.02234
   158/299    0.493G   0.02962  0.006924   0.01037   0.04691        16       320    0.4052    0.6011    0.4745    0.2995   0.05992  0.009589   0.02221
   159/299    0.493G   0.03003  0.006834   0.01024   0.04711        15       320    0.4823    0.5212    0.4719    0.2961   0.06029  0.009788     0.021
   160/299    0.493G   0.03009  0.006863  0.009858   0.04681        40       320    0.4989    0.4767    0.4673    0.2842   0.06063  0.009809   0.02202
   161/299    0.493G   0.03047  0.006913    0.0107   0.04809        29       320    0.4656     0.527    0.4721    0.2862   0.05957  0.009833   0.02197
   162/299    0.493G   0.02956  0.006873  0.009676   0.04611        38       320    0.6043    0.4115    0.4952    0.2931   0.06032  0.009732   0.02198
   163/299    0.493G   0.03024  0.006934   0.01041   0.04759        43       320    0.5398     0.471    0.4806    0.2942    0.0591  0.009919   0.02297
   164/299    0.493G   0.02992  0.006745   0.01041   0.04707        34       320    0.4259     0.524    0.4541    0.2818   0.05896  0.009852   0.02266
   165/299    0.493G   0.02885  0.006687  0.009866   0.04541         8       320    0.5085    0.5667    0.4952     0.307   0.05913   0.00989    0.0222
   166/299    0.493G   0.02966  0.006646  0.009781   0.04608        30       320    0.5471     0.507    0.5144    0.3197   0.05814  0.009808   0.02199
   167/299    0.493G   0.03032  0.006769   0.01017   0.04726        26       320    0.6303    0.4034    0.4686    0.2816   0.05852  0.009833   0.02359
   168/299    0.493G   0.02898  0.006664  0.009682   0.04532        32       320    0.4859    0.4891    0.4523    0.2757   0.05932   0.01002   0.02351
   169/299    0.493G   0.03003  0.006742   0.00991   0.04669        42       320    0.5431    0.4333    0.4397    0.2629   0.05824   0.01003   0.02355
   170/299    0.493G   0.02956  0.006788  0.009547   0.04589        28       320    0.4595    0.4621    0.4317     0.267   0.05843  0.009955   0.02383
   171/299    0.493G   0.02948  0.006805  0.009974   0.04626        24       320    0.5299    0.4843    0.5046    0.3228   0.05792   0.01003   0.02208
   172/299    0.493G   0.02863  0.006561   0.01032   0.04552        25       320     0.465     0.564    0.4865    0.3015   0.05927   0.01012   0.02412
   173/299    0.493G   0.02872  0.006729  0.009951    0.0454        35       320    0.4978    0.5401     0.479    0.3015   0.05743   0.01009   0.02185
   174/299    0.493G   0.02987   0.00689   0.01007   0.04684        20       320    0.5514    0.4731    0.4746    0.2968   0.05798   0.01031   0.02194
   175/299    0.493G   0.02924  0.006603  0.009842   0.04568        34       320    0.5256    0.5396    0.5044    0.3234   0.05778   0.01011    0.0214
   176/299    0.493G   0.02933  0.006631  0.009886   0.04585        53       320    0.4458    0.5693    0.4649    0.2895   0.05808   0.01011   0.02331
   177/299    0.493G    0.0295   0.00674   0.01038   0.04662        32       320    0.4819    0.5084    0.4674    0.2929   0.05769   0.01017   0.02265
   178/299    0.493G   0.02917  0.006776  0.009568   0.04551        17       320    0.6114    0.4033    0.4717    0.3024   0.05825   0.01006   0.02227
   179/299    0.493G   0.02931  0.006711  0.009725   0.04574        23       320    0.4877    0.4934    0.4742    0.2907   0.05706   0.01026   0.02254
   180/299    0.493G   0.02945  0.006338  0.009408    0.0452        15       320    0.4378    0.6151    0.4823    0.2876   0.05656   0.01032   0.02307
   181/299    0.493G    0.0295  0.006572  0.009912   0.04598        21       320    0.4447    0.5484    0.4799    0.2997   0.05687   0.01025   0.02248
   182/299    0.493G   0.02953  0.006869  0.009844   0.04624        39       320    0.4526    0.5913    0.5017    0.3045   0.05665   0.01014   0.02179
   183/299    0.493G   0.02948  0.006902   0.01021   0.04659        30       320    0.4457    0.6053    0.4967    0.3077    0.0559   0.01021   0.02171
   184/299    0.493G   0.02856  0.006833   0.00934   0.04473        34       320    0.5112    0.5107    0.4874    0.3046   0.05712   0.01019   0.02216
   185/299    0.493G   0.02878   0.00669  0.009274   0.04474        16       320    0.4908    0.5433    0.4877    0.3001   0.05675   0.01019   0.02299
   186/299    0.493G   0.02879   0.00672   0.00951   0.04502        32       320    0.4698    0.5316     0.481    0.3088   0.05558   0.01029   0.02216
   187/299    0.493G   0.02847  0.006558  0.009118   0.04414        30       320     0.415    0.5945     0.484     0.312   0.05639   0.01011   0.02245
   188/299    0.493G   0.02842  0.006536  0.009279   0.04424        36       320    0.4262    0.5639    0.4766    0.3135   0.05648   0.01025    0.0228
   189/299    0.493G   0.02857   0.00672  0.009178   0.04447        22       320    0.5276    0.5125    0.4964    0.3221   0.05494    0.0104   0.02201
   190/299    0.493G   0.02918  0.006832  0.009375   0.04538        31       320    0.4438    0.5676    0.4923    0.3124   0.05503   0.01038   0.02212
   191/299    0.493G   0.02847   0.00661  0.009486   0.04456        37       320     0.423    0.5586    0.4681    0.3032   0.05553   0.01038   0.02254
   192/299    0.493G   0.02989  0.006802   0.00925   0.04594        14       320    0.5314      0.54    0.5022    0.3209   0.05458   0.01024   0.02176
   193/299    0.493G    0.0292  0.006409  0.009038   0.04464        35       320    0.4276    0.5825    0.4908    0.3139   0.05521   0.01039   0.02241
   194/299    0.493G   0.02901  0.006741  0.009192   0.04495        49       320    0.4871    0.5558    0.5096    0.3223   0.05531   0.01039   0.02215
   195/299    0.493G   0.02895  0.006677  0.009522   0.04515        28       320    0.5601    0.5091    0.5209    0.3206   0.05499   0.01029    0.0218
   196/299    0.493G   0.02909  0.006534  0.009251   0.04487        21       320       0.5    0.5237    0.5075    0.3031   0.05567   0.01038   0.02179
   197/299    0.493G   0.02907  0.006762  0.009237   0.04507        19       320    0.4831    0.5701      0.51    0.3146   0.05554   0.01037    0.0215
   198/299    0.493G   0.02901  0.006676  0.008904   0.04459        37       320    0.4796    0.5962    0.5107    0.3187   0.05486   0.01052    0.0212
   199/299    0.493G   0.02849  0.006433  0.008867   0.04379        24       320    0.5551    0.5119    0.5145    0.3098   0.05485   0.01056   0.02149
   200/299    0.493G   0.02883  0.006737   0.00916   0.04472        25       320    0.5784    0.5457    0.5186    0.3237   0.05539   0.01035   0.02141
   201/299    0.493G   0.02892  0.006801  0.009185    0.0449        17       320    0.5253    0.5674    0.5157    0.3148    0.0557   0.01037   0.02238
   202/299    0.493G   0.02872  0.006731  0.008914   0.04437        44       320    0.4944    0.5618    0.5099    0.3132   0.05496   0.01037   0.02193
   203/299    0.493G   0.02777  0.006497  0.009064   0.04333        27       320    0.5791    0.5045    0.5119    0.3229   0.05515   0.01024   0.02251
   204/299    0.493G   0.02883  0.006493  0.008615   0.04393        30       320    0.5099    0.5815    0.5155    0.3177   0.05623  0.009975    0.0223
   205/299    0.493G   0.02848  0.006508  0.009064   0.04405        14       320    0.5214    0.5831    0.5201    0.3199   0.05703    0.0101   0.02212
   206/299    0.493G   0.02809  0.006558  0.008828   0.04348        17       320    0.5462     0.605    0.5294    0.3287   0.05619   0.01015   0.02145
   207/299    0.493G    0.0282  0.006459  0.008785   0.04345        20       320     0.586    0.5169    0.5373    0.3479   0.05524   0.01023   0.02158
   208/299    0.493G   0.02844  0.006474  0.008999   0.04392        11       320    0.5138    0.5207    0.5125    0.3305   0.05524   0.01019   0.02179
   209/299    0.493G   0.02907  0.006411  0.008586   0.04406        20       320    0.5426    0.5528    0.5119    0.3322   0.05482   0.01037   0.02124
   210/299    0.493G   0.02872   0.00646  0.008228   0.04341        36       320    0.5194    0.5693    0.5147    0.3199   0.05422   0.01045   0.02139
   211/299    0.493G   0.02852   0.00657  0.009237   0.04433        25       320    0.5178     0.502    0.4844    0.3014   0.05382   0.01052   0.02233
   212/299    0.493G    0.0275   0.00657  0.008715   0.04279        15       320    0.5578    0.5241    0.5354    0.3451   0.05416   0.01034   0.02044
   213/299    0.493G   0.02771  0.006653  0.008328   0.04269        28       320    0.5197    0.5375    0.5176     0.326   0.05512   0.01026   0.02085
   214/299    0.493G   0.02834  0.006554  0.008397   0.04329        13       320    0.4851    0.5709    0.5198    0.3291     0.055   0.01037   0.02165
   215/299    0.493G   0.02917  0.006553   0.00863   0.04435        47       320    0.5975    0.4859    0.5103    0.3271   0.05441   0.01032   0.02142
   216/299    0.493G   0.02777  0.006478  0.008237   0.04248        38       320    0.5695    0.4131    0.4787    0.3037   0.05501   0.01038   0.02191
   217/299    0.493G   0.02725  0.006261  0.008154   0.04166        20       320    0.4768    0.5275    0.5013    0.3251   0.05392   0.01041   0.02173
   218/299    0.493G   0.02741  0.006407  0.008322   0.04214        13       320    0.5275    0.4963    0.4874    0.3107   0.05389   0.01061   0.02213
   219/299    0.493G   0.02778    0.0065  0.008646   0.04293        20       320    0.5324     0.535    0.5214    0.3341   0.05336   0.01062   0.02101
   220/299    0.493G   0.02816  0.006449  0.008259   0.04286        15       320    0.5876    0.5072    0.5364    0.3381   0.05418   0.01047   0.02122
   221/299    0.493G   0.02817  0.006531   0.00834   0.04304        31       320    0.4677    0.6262    0.5383    0.3437   0.05407    0.0103   0.02129
   222/299    0.493G   0.02814  0.006464  0.008648   0.04325        22       320    0.4449    0.6113    0.5364    0.3492   0.05384    0.0104     0.021
   223/299    0.493G   0.02828  0.006534  0.008631   0.04345        24       320     0.511    0.5634    0.5573    0.3586   0.05362   0.01038   0.02043
   224/299    0.493G    0.0279   0.00649  0.008161   0.04255        31       320    0.5656    0.5234    0.5405    0.3442   0.05373   0.01043   0.02061
   225/299    0.419G   0.02778  0.006338  0.008024   0.04214        13       320     0.594     0.505    0.5411    0.3374    0.0535   0.01047   0.02093
   226/299    0.451G   0.02701  0.006426  0.008007   0.04145        14       320    0.5521    0.5483    0.5598    0.3502   0.05314   0.01048   0.02057
   227/299    0.451G   0.02775  0.006479  0.007796   0.04202        31       320    0.5824     0.522    0.5704    0.3624   0.05332   0.01039   0.01978
   228/299    0.451G   0.02749  0.006426  0.008087     0.042        29       320    0.5636    0.5103    0.5618    0.3621   0.05328    0.0105    0.0198
   229/299    0.451G   0.02752  0.006424  0.007987   0.04193        12       320    0.5561    0.5278    0.5433    0.3506   0.05291   0.01056   0.02061
   230/299    0.451G   0.02772  0.006532  0.008382   0.04264        49       320    0.5294    0.5802    0.5493    0.3573   0.05291   0.01043   0.02017
   231/299    0.451G   0.02723  0.006451  0.008729   0.04241        14       320    0.6737    0.4895    0.5663    0.3696    0.0536   0.01048   0.02006
   232/299    0.451G   0.02801  0.006237  0.008128   0.04237        26       320    0.6016    0.5093    0.5456    0.3457    0.0529   0.01055   0.02094
   233/299    0.451G   0.02731  0.006474  0.007993   0.04178        21       320    0.5777    0.5715    0.5625    0.3579   0.05277   0.01048   0.02058
   234/299    0.451G   0.02807  0.006457   0.00759   0.04212        32       320    0.6146    0.4952    0.5596    0.3568   0.05299   0.01062   0.02095
   235/299    0.451G   0.02731  0.006291  0.007952   0.04155        35       320    0.5269    0.6006    0.5593    0.3507   0.05347    0.0105   0.02107
   236/299    0.451G   0.02688  0.006213  0.007274   0.04037        36       320    0.5241    0.5623    0.5413    0.3393   0.05372   0.01067   0.02103
   237/299    0.451G    0.0278  0.006568  0.007643   0.04201        27       320    0.6861    0.4305    0.5269    0.3415   0.05338   0.01067   0.02071
   238/299    0.451G   0.02687  0.006409  0.007645   0.04093        32       320    0.5786     0.506    0.5479    0.3532   0.05356   0.01047   0.02061
   239/299    0.451G   0.02781   0.00637  0.008134   0.04231        21       320    0.6769    0.4504    0.5549    0.3554   0.05313    0.0104   0.02106
   240/299    0.451G   0.02673  0.006344  0.007907   0.04098        16       320    0.5714    0.5622    0.5588    0.3569   0.05314    0.0104   0.02078
   241/299    0.451G   0.02672  0.006376  0.007631   0.04073        17       320    0.5473    0.5393     0.547    0.3546   0.05331   0.01052    0.0205
   242/299    0.451G   0.02745  0.006315  0.007414   0.04118        37       320     0.569    0.5377    0.5608    0.3652    0.0533    0.0106   0.02072
   243/299    0.451G   0.02719  0.006086  0.007645   0.04092        18       320    0.6349    0.5388    0.5837    0.3713   0.05303   0.01057   0.02002
   244/299    0.451G    0.0272  0.006373  0.008263   0.04184        33       320    0.6021    0.5373    0.5718    0.3667   0.05333    0.0106   0.02056
   245/299    0.451G   0.02732  0.006288  0.007872   0.04148        41       320    0.6665    0.4853    0.5766    0.3767     0.053   0.01059   0.02107
   246/299    0.451G   0.02636  0.006103  0.007491   0.03996        20       320    0.5646    0.5553    0.5756    0.3762    0.0528   0.01058   0.02088
   247/299    0.451G   0.02728  0.006389  0.007481   0.04115        25       320    0.5628     0.577    0.5759    0.3732   0.05223   0.01052   0.02053
   248/299    0.451G   0.02722  0.006201  0.007641   0.04106        32       320    0.6629    0.5223    0.5806    0.3716   0.05266   0.01061   0.02053
   249/299    0.451G    0.0274  0.006354  0.007609   0.04137        27       320    0.6317    0.5184    0.5779    0.3651   0.05253   0.01065   0.02083
   250/299    0.451G   0.02749  0.006393  0.007776   0.04166        36       320     0.588    0.5228    0.5626    0.3533   0.05258   0.01054   0.02055
   251/299    0.451G    0.0271  0.006257  0.007421   0.04078        27       320    0.5435    0.5844    0.5596    0.3592   0.05278   0.01061   0.02104
   252/299    0.451G   0.02718  0.006235  0.007387    0.0408        17       320    0.5748    0.5663    0.5635    0.3616   0.05242   0.01067   0.02078
   253/299    0.451G   0.02726  0.006312  0.007321   0.04089        25       320    0.5395    0.5889    0.5724     0.368   0.05223   0.01072   0.02063
   254/299    0.451G   0.02721  0.006289  0.006987   0.04048        24       320    0.5008    0.6181    0.5636    0.3682   0.05235   0.01061    0.0209
   255/299    0.451G    0.0269  0.006218  0.007463   0.04058        27       320     0.522    0.5876    0.5553    0.3675   0.05243   0.01049    0.0216
   256/299    0.451G   0.02691  0.006077  0.007653   0.04064        28       320    0.5166     0.565    0.5528    0.3604   0.05231   0.01057   0.02116
   257/299    0.451G    0.0273  0.006265  0.007403   0.04097        27       320    0.4946     0.601     0.547    0.3473   0.05254   0.01057   0.02182
   258/299    0.451G   0.02678  0.006101  0.007239   0.04012        33       320    0.5254     0.565    0.5475     0.354   0.05245   0.01053   0.02191
   259/299    0.451G   0.02717  0.006184  0.007267   0.04062        28       320    0.5376    0.5828    0.5401    0.3505   0.05299   0.01063   0.02213
   260/299    0.451G   0.02656  0.006099  0.007191   0.03985        38       320    0.5658    0.5483    0.5495    0.3562   0.05295   0.01051   0.02175
   261/299    0.451G   0.02702  0.006009  0.007257   0.04028        17       320     0.599    0.5326    0.5584    0.3608   0.05271   0.01058   0.02099
   262/299    0.451G   0.02734  0.006231  0.007444   0.04102        42       320    0.6352    0.4898    0.5677    0.3573   0.05265   0.01051   0.02025
   263/299    0.451G   0.02711  0.006311  0.007614   0.04103        45       320    0.6459    0.4815    0.5576    0.3587   0.05279   0.01054   0.02122
   264/299    0.451G   0.02651  0.006175  0.007007   0.03969        25       320    0.5254    0.5839     0.562    0.3629   0.05241    0.0106   0.02085
   265/299    0.451G   0.02689  0.006122  0.007604   0.04061        20       320    0.5621    0.5573    0.5658    0.3636   0.05207   0.01056   0.02066
   266/299    0.451G    0.0272  0.006169  0.007163   0.04053        23       320    0.5417    0.5387    0.5453    0.3441   0.05263   0.01056   0.02162
   267/299    0.451G   0.02679  0.006187  0.007169   0.04014        33       320    0.5718    0.5454    0.5545    0.3525   0.05227   0.01049   0.02113
   268/299    0.451G   0.02712  0.006264  0.007348   0.04073        40       320    0.4722    0.6411    0.5543    0.3533   0.05244   0.01053   0.02095
   269/299    0.451G   0.02674  0.006158  0.006948   0.03984        38       320    0.4998    0.6103    0.5532    0.3588   0.05237   0.01054   0.02139
   270/299    0.451G    0.0269  0.006255  0.007288   0.04045        28       320    0.5067    0.6002    0.5471    0.3525   0.05258   0.01047    0.0217
   271/299    0.451G   0.02637  0.005992  0.007332    0.0397        37       320    0.5214    0.5659    0.5389    0.3446   0.05243   0.01053   0.02154
   272/299    0.451G   0.02646  0.006125  0.006408     0.039        22       320    0.5613     0.529    0.5439    0.3473   0.05256   0.01062   0.02085
   273/299    0.451G    0.0259  0.006018  0.006848   0.03876        27       320    0.5946    0.5471     0.565    0.3547   0.05239    0.0106   0.02059
   274/299    0.451G   0.02669  0.006148  0.007252   0.04009        17       320    0.5604    0.5737    0.5698    0.3554   0.05226    0.0106   0.01992
   275/299    0.451G   0.02701  0.006089  0.007224   0.04033        27       320    0.6045     0.537      0.57    0.3594   0.05266    0.0107   0.02021
   276/299    0.451G   0.02698  0.006267  0.007057    0.0403        17       320    0.5764    0.5639    0.5693    0.3553    0.0528   0.01067    0.0205
   277/299    0.451G   0.02718  0.006081   0.00732   0.04058        42       320    0.5644    0.6152    0.5773    0.3604   0.05283   0.01066   0.02072
   278/299    0.451G   0.02691  0.006238   0.00714   0.04028        31       320    0.5767     0.577    0.5731    0.3602   0.05251   0.01059   0.02105
   279/299    0.451G   0.02746  0.006324  0.007361   0.04114        32       320    0.5747     0.571    0.5719    0.3581   0.05273   0.01061     0.021
   280/299    0.451G   0.02634    0.0062  0.006985   0.03952        15       320    0.6172    0.5816    0.5759    0.3694   0.05271   0.01053   0.02069
   281/299    0.451G   0.02631  0.006201  0.006794   0.03931        21       320    0.6093     0.554    0.5675    0.3634   0.05244   0.01058   0.02077
   282/299    0.451G   0.02646  0.006132  0.006981   0.03958        22       320     0.601    0.5653    0.5649    0.3611   0.05227   0.01059    0.0203
   283/299    0.451G   0.02641  0.006159  0.006691   0.03925        24       320    0.5965    0.5592    0.5606    0.3595   0.05247   0.01062   0.02046
   284/299    0.451G   0.02682  0.006314  0.007668    0.0408        12       320    0.5534    0.5676    0.5533    0.3551   0.05261   0.01065   0.02058
   285/299    0.451G    0.0269  0.006234  0.007147   0.04028        12       320    0.5541    0.5698    0.5514    0.3543   0.05238    0.0106   0.02087
   286/299    0.451G   0.02644  0.006067  0.007082   0.03959        29       320    0.5873    0.5686    0.5569    0.3527   0.05203   0.01061   0.02066
   287/299    0.451G   0.02655  0.006265  0.006793   0.03961        26       320    0.5542    0.5829    0.5682    0.3612   0.05205   0.01059   0.02076
   288/299    0.451G   0.02592  0.006149  0.006737   0.03881        38       320    0.6029    0.5722     0.563    0.3632   0.05212   0.01065   0.02093
   289/299    0.451G   0.02641  0.005921   0.00657    0.0389        31       320    0.6446    0.5211    0.5645    0.3666   0.05185   0.01064   0.02134
   290/299    0.451G   0.02641  0.006205  0.006799   0.03941        20       320    0.5899    0.5209    0.5481    0.3511     0.052   0.01065   0.02193
   291/299    0.451G   0.02649  0.006146  0.007221   0.03986        15       320    0.5698     0.558    0.5466    0.3553   0.05218   0.01068   0.02188
   292/299    0.451G   0.02653   0.00612  0.006673   0.03932        19       320    0.5819    0.5658    0.5567    0.3619   0.05211   0.01063   0.02159
   293/299    0.451G   0.02688  0.006262  0.006883   0.04002        33       320    0.5668     0.562    0.5529    0.3578   0.05187   0.01061    0.0217
   294/299    0.451G   0.02652  0.006041  0.006977   0.03954        16       320    0.6006    0.5329    0.5526    0.3541   0.05207   0.01057   0.02204
   295/299    0.451G   0.02618  0.006316  0.006824   0.03932        28       320    0.5649     0.588    0.5595      0.36   0.05191   0.01052   0.02213
   296/299    0.451G   0.02628  0.005899  0.006892   0.03907        34       320    0.5582    0.6197    0.5582    0.3635   0.05223   0.01049   0.02263
   297/299    0.451G   0.02643  0.006007  0.006856    0.0393        16       320    0.5999    0.5856    0.5711     0.374   0.05218   0.01046    0.0219
   298/299    0.451G   0.02655     0.006  0.006517   0.03906        16       320     0.598    0.5923     0.578    0.3724   0.05206   0.01051   0.02152
   299/299    0.451G   0.02654   0.00633  0.006756   0.03963        18       320    0.5668    0.6012    0.5771    0.3734    0.0518   0.01058   0.02147
